Coefficients: [9449.96232146]
Intercept: 25792.200198668696
